-264.3089800754
-92.7832026781
-78.4644969103
-346.1811645832
241.8089595574
9.0560635698
93.0624847841
92.6346530201
-80.7417317747
-206.9982135200
-276.2954605455
-337.7251897645
187.6554410061
-222.2051791350
39.0119869922
-71.7336822581
-313.5833351696
273.8826332966
92.1901980825
-92.2323017976
211.6487599182
482.9550085647
-411.3470333011
-132.4156139349
-80.9788153611
-64.5174503331
-348.3377578593
409.2936494672
265.5776838052
188.2588287405
271.6920123109
-163.0958812088
-119.4452320140
-301.4999131529
-154.1240803453
-318.0057306538
-82.6520770918
-59.6913613675
81.4095217242
-22.1099910847
190.1056831214
-219.3220069506
-36.9333372440
244.0745091188
162.8243263792
-348.6528256349
-75.9521258101
-92.1364088509
-104.6375007208
-250.0600437517
-27.6755936318
-211.6695975202
325.1953016569
-201.6016771580
-182.7368469810
81.3718793983
-220.6945951484
-196.8269809281
-71.5296246120
-99.5070332800
42.5073546691
2.5494239050
-171.2716557000
446.8072946443
352.5641176167
-501.2080375663
562.4629636781
236.8595187859
218.2442708892
-96.3314701951
-192.6786182525
205.1469597072
197.0891867292
291.0939588533
-37.0454344187
187.1083682779
-368.6274728380
-481.8701593956
-33.9349087153
15.1779257028
-470.7531550329
-68.0200226894
273.7123044449
-54.9923385521
-86.7097816843
-299.7114931578
67.7313263547
-131.0076613592
-34.3869339104
153.1999015683
124.3827521297
-7.6368938818
-28.3823245018
44.7549690487
-34.1563724814
-88.8241965310
-150.2913089365
-57.8627729475
-21.3032907952
-14.1905120675
232.6338132172
-2.0887188592
-519.2962196565
324.1748015468
-40.7647075618
174.2973267918
314.2889884136
-132.5791833242
-15.6004470077
16.4319250923
137.8915782887
-118.8590097061
75.8412573433
9.4483649065
-109.2397524994
130.5486815558
-97.0098264616
60.8741834436
-27.2049604154
-121.4812799346
-56.5371442651
180.4687540717
-39.2459833074
169.6042893780
150.5979011507
221.1080569750
24.5205265740
-8.3985379172
167.2960622730
50.9946385348
71.1617167474
-59.9946852137
-65.7168676643
-174.6790102571
47.0178936192
40.1433513465
189.5494835898
-121.5749932320
-82.2886444664
240.6318550549
245.2544607676
-52.2449390488
99.3577770959
-246.9221311639
-2.0054237170
212.2920779851
-217.4077633023
-35.3259580454
-263.2596506851
170.3856816632
-209.7532402996
273.0289701109
15.9073707569
-40.8383662500
-112.3583215964
209.8816886951
-133.0693441908
73.0909407801
200.2714545860
-99.3589046258
119.2429322887
-404.3019493638
35.3924766178
-30.8010660043
-19.7482878509
256.2507213225
-270.7966066773
-316.3229085337
-254.5343291830
159.3989026631
-123.6733760469
-98.7744607552
418.8664274652
3.0293261257
-199.7852438632
-140.6536134875
-159.7736207984
42.2499516345
147.5699480440
-254.2457972729
196.6688256407
178.6606627321
-205.0754297914
242.4017314700
-48.0011767832
16.9448570005
151.6995808578
-362.9379672010
-285.0016555051
-130.8303656151
-111.1521439524
-156.7174866989
-192.7048531808
709.3067098286
-201.6794839951
132.8403016577
557.1502075587
207.9611495017
-162.1735292832
93.1742108014
-212.6331548607
-202.4856921963
378.1683324631
273.6048566526
73.8680416219
212.7878246130
269.5493578418
148.9490198962
252.9956239391
-41.1457807211
-374.1670363971
-261.5608154035
97.4732743462
70.1914103537
493.9877956238
-32.0788503209
-471.7896294583
-334.3869726711
125.4354722102
368.7228570193
85.2335480712
440.5044555804
557.3690868907
301.9904221661
447.9398366956
-23.0927420236
68.2847605565
-170.7968770770
513.5653462721
-145.4458254870
-25.6393200330
146.7037581343
52.4793464177
151.6067000480
-72.0051535232
413.2817441390
12.0989313243
115.1362124404
-366.9764767160
463.9529453792
307.9336647399
-103.5659068984
147.2386914145
283.9502683354
198.2453178669
-20.9848939299
-189.6727153335
228.1556730072
215.8686057443
-163.0822062356
-29.4853941668
-254.1799345992
-150.6971056882
-104.3881557018
-406.3685471646
-350.1341876167
220.5734128232
169.4783560380
127.1910916483
80.2904475590
-159.2092460314
-39.9650775845
234.5657150741
434.1543186538
29.3494199878
-8.9777676235
314.4326825121
-103.0131608680
17.4391101914
100.8436478730
305.1953381799
115.9966776664
-347.1276142353
86.5967384016
-6.8313681144
-102.4394420239
341.8177041994
-445.0183345370
90.8814701702
-129.4948479773
-174.6556725576
-263.4193235648
95.3133324072
-163.2262811107
-177.5574652766
-209.6239438337
1.3345008845
14.6751991350
-177.8855035600
-186.3676094474
-130.3000029506
-287.1933091241
213.2441839985
-323.8586785017
115.9243002148
-325.6600349231
4.5318473376
-142.0425804996
154.5257059536
-379.1825990099
150.9447803872
240.9282573840
300.8221429794
90.1455389765
-225.8948455464
99.6940177751
153.5574947035
-363.6195829247
110.8465934161
116.0237446305
-36.2435091536
-142.4490765972
120.1680700164
-0.5904963223
67.0293045805
321.4036877026
186.1298122751
354.8969389837
-235.9012781961
-234.4418438544
-168.5920069551
295.4138055334
-125.1388401336
107.9055313421
-105.7552526857
18.7070553804
84.3780531957
263.2049759387
96.8959866179
279.1944609855
-40.6558660987
-133.4047515236
92.1775128710
-138.1259379327
29.8902949203
170.7908246010
53.5858948628
274.5673020513
21.8272027501
40.8523420004
117.6147193352
40.1539163395
-694.8199673828
-125.9880712349
119.3687092388
113.8376542747
-46.6682040580
29.0849976596
72.5559398062
264.9184165922
-116.5572983394
114.6183283563
15.9304675391
-246.2734005538
-39.7128897645
862.3227806276
-80.0307238825
140.6225866979
-127.0510486687
2.4108673989
138.7490214371
-68.2162289276
24.0705102222
230.0517589833
-477.3744587684
-47.7822593034
-272.3947358415
397.2182823302
-1.1911533078
-209.6685835839
-7.9894196385
21.6739702229
-154.6374643416
-294.5444935037
-124.6767534978
394.7519667282
199.8769050764
11.8066297352
-465.1325174517
222.0124471768
-48.5794661671
360.7340403922
4.8015524768
246.7188059006
152.3719181331
-62.7138226249
282.9003511251
-539.9006109541
-60.0622411659
21.3666590299
-116.9821686233
-4.2606036059
-129.5651694807
-60.6083522330
-46.3795001831
-102.0084205763
-448.2407309818
79.3609739604
-261.6140817556
134.3748089863
36.8488279818
396.1375634879
-378.1092876736
-50.7670672988
15.8411132952
13.1585402429
-4.9678128314
-106.3178849972
301.6780861282
83.1454844791
282.0804232910
-170.7008768389
-26.1570061531
117.7533146277
-517.4133901207
-23.9552399883
-253.8646089216
-209.8135579010
-9.7051510380
-329.7379860410
38.8930408614
391.4606440420
216.2932256317
-168.8246324585
-147.8699633021
-269.9197402098
-262.8215055037
-62.0832735345
-184.9470711517
83.4589816849
278.2286399170
-124.0565118088
121.6680598315
118.8607983736
628.6555487394
-10.9331285831
-52.5091367187
-228.1194276508
355.3518671946
40.2054767624
253.5843483803
-137.8458411292
-427.2504125130
211.5126031263
88.5566244383
171.7919273696
-260.8506440993
353.1431541542
29.7961709042
-19.7071041289
39.2947703628
-397.8910081716
-127.0845738788
-139.0979047872
527.5202939047
-25.5187440217
-31.8633744576
-114.8400747093
64.2421546190
501.2722515133
169.2909740509
269.8891679076
57.4793678502
-378.1259989147
-57.7278630367
285.2932869736
-196.8287188703
189.5855775608
65.9818938487
-3.3398698581
332.6309613352
24.0994074171
80.0311465927
506.8123929333
165.0538067350
-83.6249020044
115.4832776887
122.3871145960
18.9643883553
67.2469430818
240.5315036103
207.8029226852
-154.2156030942
-391.8612399800
189.4216637509
169.9469105804
107.6999019896
-45.3524748446
22.1243468488
339.8326646563
-43.0081777147
56.6970602256
-501.2620797153
-7.3565000375
324.7775505266
207.8925507696
73.9200880026
252.0531726690
103.7156206179
-54.2236427497
-248.6191133871
-226.9665230582
71.7247978807
-199.6631893826
-49.5548033783
-154.1265892000
-89.3292274645
374.9843995232
233.2634601502
355.5145083908
-254.7401532773
42.7605751745
501.0871970399
-56.6341650595
169.4997121788
85.0328876927
-222.0053602613
-236.4059697986
483.1433271648
160.7248648056
291.0344667540
-334.4419960399
76.8967309263
-95.8898830282
72.2180848464
-459.4552924842
76.4491595196
131.2181714282
346.6550447730
-334.0029254930
539.3505430987
-58.0790680430
-652.3505554292
434.9758161201
24.6738632442
327.6358986907
47.0841695139
-182.1774076228
89.6395839184
67.9773105787
380.6131863565
174.0031234792
453.6987143299
138.2424140190
-357.9542398196
4.5837910893
-5.3340472142
279.8349786298
99.3453209030
83.7478912265
-125.5267081604
-140.6607504884
-17.8789788097
-210.2202199759
-72.2913558080
-267.5755873471
335.9698051383
-46.7604991813
377.4543065936
25.8941400948
183.9426037053
-150.8123499387
-275.6264868247
637.8022288595
164.6575261750
-36.5420619182
-53.5749687527
-72.1189278117
901.0024381570
443.7368337672
-331.6368480438
109.0701526010
-54.8595270620
450.1778868888
-226.9285941480
164.1349459959
-331.9243279507
-311.1485098962
39.1912664638
-6.5332841954
-157.2808498162
-164.7728848521
322.2398888274
314.8248666581
-215.8284141744
-424.4253367265
397.9896671981
-521.2824759853
-150.1837941850
-58.5449533566
-124.2762079454
110.9730093153
-296.2000762593
207.7522496114
69.2168529794
-179.4314467034
92.2515712917
-59.3114314280
-162.1487520601
-284.1503229501
-126.5046266280
52.6903955833
381.3614079928
-25.4821796244
134.8214737866
-232.0197355955
-192.0099679631
-310.3823551575
-49.2857102875
19.1926006698
31.3242027872
-102.5560058090
345.6251689568
-206.1389498292
314.1706919551
-231.0262328739
94.4156926602
30.0212921044
30.8090908553
65.7196014840
261.6732141166
-254.5940657078
-436.3843129530
290.1565223226
-44.8437380796
-282.8533562732
196.6031183624
-258.9496777902
-227.7214930462
-335.6219318000
-177.7472555582
-485.5688773389
12.5417075944
-0.2017684938
371.6520268482
217.1004188418
-274.8955071022
88.1962335611
-72.0098996071
-288.8700424606
-162.0860292585
-109.7403017455
235.5566485359
89.0453066630
-111.3486837434
-25.3717926583
-140.4443446577
60.7400565628
94.5346073366
-44.2834351648
278.9736838501
-181.0751240806
209.0061745794
245.9277723118
29.1986347535
16.2228475031
-328.0103847269
-20.6656275943
-125.0430831238
6.1682464811
265.3815391104
-399.7671973225
-358.3659845900
-178.2958478098
-76.7655547814
-113.8204142478
-61.4791448584
-29.8537706440
-448.2861750387
95.4734354130
69.1066753251
113.8886727727
139.7569655594
-188.0356610694
-12.7794943517
395.4309210978
-63.4817009638
105.6639696973
-80.2140972734
-139.6336520390
-23.3414452962
663.9062299020
23.3225596181
-285.5665397829
-586.6978753360
-132.5358909412
-252.5391405090
-70.6851985788
-19.7117513212
295.9129724591
-176.1370273623
251.2843832769
53.6620193226
52.1598753338
524.6524637020
-150.6510714639
453.9198462659
-262.8443948996
246.6825159686
-35.9218229995
220.6111446796
166.6433296261
-71.6474182379
87.8568524179
-157.7309927959
77.6081736843
42.7429610569
147.1229355133
157.7947284063
-1.9511614408
318.0276032623
83.1763524529
-247.1059167206
-249.9358651832
-196.3777101458
386.3372221999
145.6634384579
203.2306622719
16.9443244105
-168.4907000605
-472.4625782303
95.6639697783
43.6142516164
14.9809147436
113.0824480832
194.4343246497
-393.5863288653
-64.6087851454
170.7542298914
9.0419908243
173.9667108042
644.9322271379
-14.3754292483
-301.1258043174
-249.5364020673
214.6830128781
511.4319802785
-357.3378346542
275.4773695309
22.7530142261
-41.2738321619
275.2119480114
-319.7186165317
-184.8875741649
-277.6023641383
35.4229903256
-57.9338878076
-260.9120117994
343.9154928858
111.6470262240
-434.9022351683
-157.0221188424
9.2936598527
-81.8939292608
-145.6229780085
88.3540929248
-196.7106742206
45.1217633392
-25.3387343231
5.2499338007
220.5090455524
-188.7849478154
-49.4138513943
-64.1539987589
-293.3142453356
16.2631453262
-328.5054246952
106.7128274633
-108.3065829398
-261.4730336446
96.1121042628
-10.1118129821
-146.4141321873
258.3345982801
-113.4095141631
186.3770714382
-193.2315891612
-137.1476013518
-89.6929563738
-175.7735451475
-412.8949508868
184.0147594727
-162.9105216322
-348.6307703407
-34.4210557475
-207.8000861207
50.5450992016
-180.8207014738
-288.2114236141
-175.5130501025
-282.7224469087
-452.3425430574
4.0073316342
318.6208417125
216.8570234214
170.1912520979
500.3444759599
-344.4368039190
28.2049180192
30.1538927163
-145.4763349123
4.8239915014
-207.5414211256
32.9690159576
121.1704858284
-163.4047358671
-279.9912890880
-18.5688571124
313.7938307858
-457.2843613432
51.8743673271
-354.3407791672
-349.0827700180
-1.8410763027
-71.2114561690
-51.0401930217
-462.5267448600
-186.7572972234
-21.8977704304
-44.8227870755
-1.8448554153
-121.1323360057
344.3856360030
31.4193774961
183.5065461985
-27.4284494594
-378.0150652602
-117.8815213908
24.2892884919
-188.1200839304
182.4750486212
-171.7608126426
-223.9332185765
-56.8758257351
509.3560215625
228.8835889379
-19.6429406489
87.1182369199
23.3200579533
23.4045051699
59.9717020230
-19.7052672718
-402.2324234141
67.2921888573
-174.3770258220
-31.8965424966
124.4085020509
-406.1281373814
-193.3073996876
203.1423682060
-132.4709154953
-53.2683347983
104.2739714068
274.2461630138
-54.1284513379
253.0770214941
-370.1099621757
-80.5636243869
165.6560101673
-75.9927924603
98.8848329913
-185.8164107379
-143.5830849620
-147.3411585670
62.2957923651
167.3300817286
-305.6923839716
446.0399356386
-10.0661272224
-403.3670311616
-318.2926725757
-15.1822929734
168.7135637207
73.8884826992
-79.0663544134
-20.0300695372
-265.4443434648
123.4064431039
-310.1276652180
-33.9849612551
-149.9339145589
-220.4814344123
179.7567885980
28.3085050475
219.7362749519
97.5253253346
-108.5557176081
240.2993667863
392.8525298087
214.8199607117
41.5928456043
-32.7240575632
23.9069816957
150.0405477974
116.5479667260
-303.0199053210
554.6410330780
43.2144460777
-426.7994530427
312.7260867483
-245.6265603262
-227.5627598205
-7.8901751180
-105.9435159539
-65.2723143341
-257.6503297263
97.2660038666
-75.6242727687
79.6998163320
161.5080097690
287.1961459722
159.3380197335
-372.6991087983
271.9953698252
244.4950452214
89.9795364777
-265.9474918581
57.2083081073
520.2859301692
53.4700005735
-210.2759823566
-104.2688018394
-30.0801952064
286.0964894286
-114.2322512459
-28.3832888366
-242.9273900832
-297.7940224049
286.2355904277
234.1767343445
-121.7454140651
-97.9246675857
33.8059398144
-61.8281262724
-104.1905459688
-1.8631892174
174.3313903906
-89.0564926978
-75.8198322126
63.3252443896
77.2493674148
204.2716336864
-244.8034183737
-290.1436623370
97.1661409869
-206.6933001061
-75.4625205774
-123.6062814561
-34.8470446288
-27.5898732335
45.7552612864
-197.3778048153
-398.0752794049
-126.9375680049
355.9713252004
125.6843624086
538.2903624323
112.1040480775
-82.0008301915
171.7934519878
84.4614475475
149.8265148140
109.2849288866
93.5540340166
113.1828476501
347.9705719977
50.7119588595
2.5517014690
-29.7600614763
-40.5833162521
-84.4817056203
-50.6043600699
-191.9671922564
-183.7553685290
18.6528060718
41.7532995678
466.3724680614
140.6640674987
-198.7447574253
182.8473583763
98.2349543755
-237.6805534467
232.3968431127
46.2356077316
192.5881943169
123.4435200807
266.0982964278
-285.4438126838
-20.9572565427
-245.7963710268
-166.9644459175
7.8485413206
-205.2178787279
-418.9246566248
-212.0273543923
-233.8630411485
-266.2877234857
-71.3946988332
129.4384770305
-205.5122888860
40.6498498107
242.6564006570
-35.1867249871
-157.2997949216
-407.8653701713
-9.2165262694
113.9157722406
26.8686214031
-139.9520893897
-224.8008414244
-120.6452335703
154.1698133281
327.1739736908
186.9524369236
-340.1414841781
-84.0661069977
88.7581030662
-180.3219285913
-103.6371215891
12.5214916367
82.9969989437
-47.3265199113
-222.6054291670
7.2412165018
-196.9033542161
-97.1812094542
222.2301602296
-215.6076574068
150.1210137321
33.6045533322
48.4212321023
-193.8187171573
-70.2279171149
334.9989554627
-187.8163502936
-235.9287133902
-177.1735350061
-206.6992710285
-62.0209524015
-147.2940544755
110.9618289905
-296.0987425680
150.7624492198
-38.1726766116
-267.0368484420
301.6398771201
-155.8960358115
394.4706188257
-162.0050702218
38.2017618420
224.6792802789
-339.9177682924
-186.1160702250
-168.9173278021
-312.1358473454
-607.6558563838
-8.3406061212
-168.0019840442
5.7981805265
223.5906819660
252.3890511763
151.9152312960
-337.8638161056
3.5798684340
-178.7235561067
-344.1454420194
-85.1972633466
-215.9144302144
128.7036565063
-44.7738141176
252.4026048080
178.7043732320
-176.1119560023
305.4555571610
53.9168379034
180.1262770551
-129.6682351301
-314.3520572136
-74.4009855912
-255.0464596217
50.9389096265
-29.5227813997
188.1379743598
-75.1138893671
46.8571066084
-438.1902676730
-257.0352270337
-76.2544454644
246.0605146825
135.6202994529
-137.4476817167
-74.2334209836
-213.5609652231
-170.1045566513
-97.9409825690
-18.4040623342
121.1208717917
-304.3553983193
157.6939487586
-431.1824919962
334.2333353446
0.8824903857
279.8307319127
374.7418609291
-91.6853711187
36.1226127726
233.6919302423
31.6342748286
293.8931053994
-482.7485632268
-564.6345377200
9.8732330769
112.9919766356
-397.9376630458
-329.3594930694
36.2367535480
131.3691691672
451.0193829045
-282.8468355884
-318.6959235462
-220.9358834976
331.4211767899
-83.0546485968
-161.1937516823
242.3512192693
-93.4759494133
144.6902629220
252.1201637946
8.7578447878
-209.5168260072
224.9951961721
143.6928329380
-181.6983770370
-388.0398650963
-83.0530461137
-106.0213431152
-290.1676580089
221.7983103813
131.5588033002
120.6505532673
90.0426516370
-329.3288681534
306.9507503576
-36.0925625723
-283.0616992338
-87.3304727694
110.8752442040
-315.2402466517
38.6300127631
2.4501804592
-186.0963068495
-114.3245345863
155.3238399776
-100.8522397372
148.9801398155
126.0521898396
266.6993719057
153.7462955390
121.1459339926
-117.1368714758
-153.9322201384
116.5382622456
19.0434722877
70.3684868204
-275.2376517921
42.6932873382
-237.2956443399
-107.7906326403
0.4214406704
-23.9121432129
20.3524473447
125.1919122499
597.6398398283
-120.4605979181
-25.6236385764
-196.5366477916
-379.3207298480
266.1343547754
349.1413503747
6.8193804847
243.2980405715
60.2442475541
-36.5933120146
21.0534134149
132.6267723135
28.6827203856
-274.9910196649
-246.2932800517
-220.7423533559
211.2608320519
83.3935387782
-151.7421192550
391.4432736687
416.5563506244
234.3178590007
69.3243043404
169.1571037104
68.5171341565
-65.5728832608
-102.9174122503
-309.7897480392
407.8418175002
-169.5825992769
-347.2174109195
-218.9477045375
-648.4281070847
-69.4759422806
151.1638333199
73.7793068793
-851.9087411350
-39.0071110751
79.5341768305
50.5379646767
-306.5941016434
178.2673086981
-132.3383972401
-52.0960571710
-139.5132766782
-103.4123067797
97.3957362371
421.1755215879
-409.5431320055
374.7392591285
-338.5347831873
204.1229979161
-203.1510675824
44.0154797729
585.4677844683
542.4748477106
297.8816358433
314.8346341929
71.9977860402
-591.0901623347
-56.1305302972
-189.7451690580
-128.7432370042
227.1635042052
174.0131571089
313.2443483440
-357.4340798077
245.6947499721
595.3261423934
213.3916068567
271.1330413705
-161.8484296978
-454.0699968924
341.8387596872
97.8097273464
-416.5814631497
291.5926044437
-5.2504107363
-335.5618562102
-81.8076170850
-14.4297492995
342.6063573549
47.9236985288
144.6341009766
234.6601168441
-31.4522896732
225.7757505710
100.3996576461
-90.0852058308
187.2996456517
-424.1882648814
312.4838571855
221.8484632737
85.0743003590
-358.5171260620
420.5902418903
549.9538771566
119.7912446028
-32.4608914164
-339.1700299793
229.0961686556
-43.2794180458
-563.0132842570
-169.0136206031
-177.7611819049
34.7773921937
-222.0679096260
-101.2066204934
-45.9102690148
182.3699953525
-92.9651558537
-286.2728907517
60.4280048241
226.9896143516
150.4617499432
-180.7823977686
-6.6985449293
-152.7955081755
109.9958227223
464.0568944985
-60.4586544898
201.1315249102
-72.7278631261
-327.0580529777
208.0741556366
178.9947647218
-386.5980792676
342.4048975786
-226.2769671695
-372.8432640269
307.0178707531
467.6858268118
16.1020451052
140.8412810528
432.6215080988
-183.8413537616
473.6462434235
118.9838864423
218.3755486943
-314.4734447172
59.0248067037
-338.8292215347
545.2409894101
222.5221713712
-248.4263790612
154.9151793163
158.7093878903
-538.8084789766
-80.5793019158
241.0577343137
-191.3308097525
110.5586683907
58.6215817152
-3.6729039744
-134.3183865616
17.6874700996
-439.6868298687
310.1262016999
167.7921739505
348.8374188290
-170.3935327774
-370.6323203876
42.1118180145
63.5983931237
-266.5710420048
212.4182080295
234.1047174927
11.2597694065
275.0195234213
-77.4225201194
-230.5447712655
95.2931011975
283.7849625648
205.7328473308
-33.6836339441
289.4849870240
-269.0945027115
-168.1642380024
-100.0603050214
489.7141131758
-411.2440384425
220.3645649819
7.1262908145
17.2092515025
214.0612817561
-473.0604105414
465.6490823838
-271.3996522028
-177.1075082747
-57.4371295350
229.3489277396
474.7909979941
-470.3825795875
125.6818227219
-232.4791494671
366.6327483690
389.8640946719
-169.5800741431
-17.8386543944
230.6808232330
-14.9341406789
-260.3388867412
-232.9198825790
501.3530668006
94.5042518492
323.7891287638
-314.3709523494
208.4460353803
-233.9891253124
-370.0469742439
378.1276920367
-487.2482034215
67.4451065448
-280.9402572506
238.2634045614
-590.1915461482
39.1051992113
172.2460203308
107.8123994436
355.2721589229
47.6472508127
98.3300015365
610.7365393530
-13.1363022798
358.7526804697
212.0134192070
-278.0328232645
-184.2037939274
-167.3907249474
-287.4421245304
-285.7670475291
263.5796734709
230.7418881884
-50.3744466743
-45.5210171223
57.7172191082
522.9201271669
-131.4011329673
246.0819574688
-92.4444878876
-267.9627164802
135.5817891480
163.3010967386
83.2520661210
264.9125047702
134.5946111740
-245.2657921779
-100.0381748567
11.0426620231
-271.0499061436
-44.7832423246
-95.1383404712
320.7679917477
-184.2389917327
-58.2347599598
38.3349721766
-258.3969268432
109.9749136915
-41.9441354632
262.0646886197
-474.7311900075
59.2754827585
-87.2477934072
249.0975815245
-123.2095704779
-100.2442097086
-56.2934165251
32.1063879342
187.7469174448
-34.8179503042
116.8773518265
-105.2992602437
-34.8403263062
-93.3809915104
-132.1946966867
-585.3937971952
-51.4314168459
-39.6915769862
204.6578624309
-528.1433343958
366.6565540591
506.2888681997
117.0540702766
27.6220161200
-21.8498798924
-407.8444514765
473.6940108397
333.0714440680
2.1876868874
-272.3882241984
-118.1279758300
347.8398187762
272.6431681211
-210.1195520211
217.6231497945
23.9814281827
202.4254562816
-678.2073105559
-87.0250757654
-470.3656800380
126.0798979988
-198.1856100867
112.3710509388
-89.5919400642
262.8603213662
-239.7511698459
51.0110316626
114.6109855409
-772.4261754235
218.8802443766
17.5152845242
341.4321930688
126.6125193363
224.4965670053
-2.0338836757
169.8745980561
-192.7359844570
-322.7613062482
-56.4972240155
174.8073251051
-342.2221740007
-204.3408291615
226.0015431251
-43.6636609287
125.7975694532
-207.2794764260
39.2979901963
-66.4959076603
-24.6683224729
20.9485404629
-24.0302517707
11.1693068698
284.4410288820
-95.9743048577
-122.8619851344
-144.8017927170
-151.4912275186
407.3963213346
51.1996773053
-202.1042184750
162.5508016687
-370.7307639629
-63.9051411405
-54.1827845383
312.2058732846
-376.6296281477
-29.6866371041
13.4094158385
6.3652771317
-12.2100963426
-231.7838757826
52.7356355891
-72.4764872917
136.1981917209
165.2928300054
-29.0827711246
351.6426302975
186.8881003864
285.7905892516
-284.3623868437
62.7982444106
-221.1015148648
227.6307768528
-375.9851753527
-238.8773616539
403.1855321724
-94.3045052514
-357.9721003357
273.6450988830
-18.3192843067
-22.3151585639
479.1956415844
-232.6734977646
45.5257519744
68.0036488101
90.3917743377
-79.8250333159
177.7644024021
326.3075500507
443.9035637817
241.8632398172
-299.2393815069
381.3029659980
118.0054120083
-352.3814381640
51.4309272568
253.0603114682
195.2024135083
-45.6462499487
-59.5634671445
197.6950098935
152.4134772051
-71.1574867079
561.4178663126
56.7759460242
-293.3681587642
-154.2264712698
46.2398465937
54.1292277439
-305.5340934956
-34.2105085037
-193.4860523014
-46.3833077895
200.0028682764
-31.6894667647
-413.6101730666
-39.8586577051
-364.5983349127
-83.8976027001
2.9496965854
349.7181484278
-105.2601438664
144.8255652794
295.1239933236
240.5914206021
-226.5050680237
-209.3817215718
-164.8117573885
-175.2144984768
376.5653437977
-146.4416613435
192.7306312617
104.2991827773
159.6988253948
-178.1962704038
266.9256400150
26.1678611821
-128.3179264447
-447.3970009858
-158.4184828014
-22.3879395545
-192.9332352229
92.4992740849
-44.5031949960
127.8202907874
-71.2486866120
-240.6248969453
-63.1915346291
-302.9282927892
-125.2284407892
134.3300203393
-389.2154246150
-79.0922959598
-634.6288889405
-64.1896419097
562.3520884970
36.2953722890
-190.5842805657
262.0614003599
121.7833859339
246.3270530378
142.4743345263
321.8057149801
-14.0446612141
-90.0886599885
-89.4445160304
-186.0752864671
377.5046818954
-189.2635462477
-206.3856520208
227.7645269969
265.5872899719
-203.7808571024
-423.9811046009
-618.8005323363
-52.6895575984
160.1329620162
-118.9030914917
-123.2120868854
-282.5573789578
182.3723725806
18.2802745261
384.7306835482
79.3859790121
59.2158883808
-335.1496348663
-217.4939803472
-46.8993653167
-28.7092840763
-318.3029369033
268.6308586100
115.4052464531
77.0956843054
78.8542122944
109.5263139144
-186.5861994726
75.9458498748
126.7992303492
-107.4247946878
156.1626225411
159.9962624656
-148.7611076130
-69.7455551866
-207.3285808639
266.2405483515
219.5534856894
-51.0309577933
-388.1445714131
88.2766716778
376.7381438160
-90.2804333463
156.6848590518
210.3202254087
-54.7329032349
-34.7283556755
-301.6508426839
269.4176344658
72.0816731583
141.2225933949
147.4509897722
57.5677983330
246.8699070627
563.1894123370
-200.5044102342
-473.9340953931
-126.4546938637
-184.5388359944
-121.0220536952
-176.2296452627
-34.2777168507
-94.6671532696
162.4619788815
-59.0119084565
-33.1092351427
80.9619083197
249.6745902466
15.8382388999
-110.3218889603
66.6152021102
322.0329409820
-194.8914349793
-339.0472345994
74.2910738879
30.7798224228
32.9068904900
35.7094719378
-338.9397047362
-281.2374914309
-112.3398644928
240.9887065570
208.5802048665
384.7274582962
-455.2381601538
161.3383583252
-12.7823575613
-38.4540641846
158.8524712476
363.0686863241
40.3553406113
150.7042596084
-64.4102030338
70.5330564365
8.2862447857
418.4283993958
-53.5931127307
70.4864649203
178.3447133946
-105.7370064495
-238.0791588300
-189.4700762927
13.7468265206
114.1635721957
121.5609120496
-99.3672524703
631.6363360739
-91.8678202555
41.3095380816
138.7042922063
86.8487033519
161.4693088707
-135.1494123029
24.8390134864
-92.1541841697
-321.3208323139
49.3893584106
-78.7009006563
41.6488909157
-85.7783025040
-319.4759882395
458.3902144680
-15.1903799215
197.4335159516
-177.6258072685
5.6191389805
-69.4611183455
-346.4249724926
395.2539709674
-20.6325698849
82.7577979099
-193.0065972872
21.0315267368
342.3654543911
-104.7283612839
219.0454212919
337.1077169225
34.8274869709
116.8449970515
172.5708269930
279.3595616502
-522.8323019183
317.6111695258
-207.5770108035
78.8564058304
-100.4361596563
-23.4375729517
61.6261476513
-125.6915855433
-391.5185888200
-246.9494731535
-91.7956834838
-218.5602693012
-489.0929482270
-444.9461754550
-271.9058744336
310.1206363280
-0.8434589702
230.1704021656
-347.0272508482
-342.6579317726
432.4553477939
-40.6224280898
239.6194133469
282.8939190269
-39.5974532484
-16.3436341223
380.3834144298
-178.2220690654
-369.3881989335
362.3495358370
-162.9286124989
-422.9122522939
-33.9198725341
383.9739189600
-251.3624714483
-57.3121542061
-154.3856679224
137.3348973673
90.4233265153
173.1070298136
-151.6718437209
51.8550138394
-298.8743635332
-214.4705396789
-131.0701952475
320.9164185615
75.4301930093
-462.3716005038
-81.4375991580
-144.5266684847
-82.2142670090
-290.9885297285
-285.6877680386
4.8876465085
-331.3777616232
188.9446320705
-70.1207550653
496.1793310808
-566.8801829034
-111.9414823406
-261.9490618770
-10.5851875115
32.7893552009
25.2049529737
245.9643735865
169.8192702782
-49.8858272289
-299.6122812915
193.6800020267
-79.6817603757
-74.2174400355
89.7956598443
-71.1436437495
507.6027958834
-18.8727973317
135.6788161427
-652.4384561292
164.9653732379
0.3199430120
21.5677896180
389.5807475486
121.3157958807
10.6538817227
-12.2757616040
137.5857977381
484.9768706607
-101.1620499368
-90.6601762717
-463.3023070728
41.8108019858
-133.3441734965
315.1980319938
208.6347550693
174.6498075881
-177.4381097787
-142.9552136573
102.5761935633
125.2213362314
-367.6539603370
74.3461030405
564.6319008749
63.3546776321
-9.2612745298
417.1290445493
-34.6533757082
-38.9797303969
206.3060639023
-619.1878130931
6.2503524239
75.7391927163
-304.8687755094
83.0399053582
62.1490574938
-47.2554931040
338.2758843107
-119.5063864356
-416.1994324431
-24.0049478836
-270.9017581939
-222.3371907855
-77.1058416805
446.0024618653
-52.9296574621
191.7412022199
436.2288517522
-234.8405215446
298.2419395206
-343.1840615854
-18.5552335487
-9.5808206782
41.8193701928
226.3600406862
-5.3461874164
-58.6568761904
404.4209697693
-315.3468792475
-457.5045057685
-167.5575231366
178.0238733977
-138.5476549431
-47.2189739185
194.1398185560
-345.8600523575
176.9038362083
-109.5785854148
-308.1667780250
-134.1278496679
-281.3297109888
-284.5517939451
-442.3097952129
-50.4144427823
22.0934270683
-438.3943446508
-24.9631406378
324.1867391875
-17.1876609671
-136.7645339094
-449.5872527168
270.3488010360
-632.9426549916
-151.6059151374
17.2405095831
389.0253379819
-459.5777804551
42.5448285549
-14.0540565278
-501.0903891001
-37.7376653030
-257.2111993841
-328.0967302808
-147.2280447841
-102.8646746947
342.3500442348
232.4724436062
412.9510202425
-337.4377650573
365.8241436753
0.9720718284
248.1689894461
49.2860916941
-299.5406587810
-362.8853375727
21.6683805716
-259.0271358845
-184.1525565679
-161.6936846020
-318.8043663968
435.3791801340
218.0503944763
159.0150597736
-25.0568342978
-136.7143197112
-104.3476323470
-74.5135297878
170.1833687796
134.9196547329
-105.3990416314
-245.1407330268
3.9232894977
84.8013218794
-310.3376888253
-235.8352646456
-524.7435947634
-310.7574499228
12.8451523974
263.0707389705
-106.8444240814
429.5931050827
-129.9292484497
-180.9109981719
-113.9723527429
-143.6242827820
98.6372497498
-43.7877701461
203.7599944346
377.0797667083
82.9355864184
-493.6214234207
309.8303548011
394.7857914463
-342.3252527068
-204.8543912768
236.6757577814
-212.9939896037
664.0693663279
-201.0627776004
-181.0703242384
-258.7804749453
114.5521112138
-197.0790680401
-313.2384542953
-23.3237342390
332.6514786377
271.6951375631
57.2429338651
-54.2991806607
253.6732646736
331.0288383644
12.2237843211
-374.9190314480
146.1854915942
32.3484212155
-224.0331496381
-68.6523264743
-229.0281361234
271.3181533332
-172.5072884785
-118.4751024343
30.0891757989
647.7096817672
130.6543764237
-236.6568581752
186.9511311337
-178.2925001782
-24.6873604409
343.6491467024
-271.1334009948
-2.3572704126
343.6696181893
-144.2351052906
260.3596223230
-13.9919139651
240.7416810229
449.6263522341
-453.6018576565
-290.5793641469
177.9138277872
170.9398188005
-21.2880173372
-172.7517658424
30.6978255468
-12.3615356174
141.8928650430
78.6778330351
-452.7859711196
68.5922977459
-16.0839854304
-177.8401399804
102.0409197202
154.6783015353
307.3972874804
544.3296116920
113.7256446131
-42.7784731251
-20.9723468822
340.8242580618
-206.7895956309
-126.7142675597
-270.8767175911
-88.4778815912
304.6541447485
-73.3251864055
-81.3891682315
376.3926596918
-418.6517648703
-65.1954346354
6.9661477647
178.8288724526
-24.4162210479
-131.4579686982
-65.3033072999
88.9811459172
113.5357052571
19.4001056492
86.7510463669
122.4522311295
-126.3062816016
-336.3937180395
221.8131435015
73.5197434479
-369.4587297213
167.5651496072
-116.8307028072
110.2036628111
192.0767072001
-68.7849553436
-92.0713232731
-30.0134902460
-186.6550011256
-231.8493155878
253.5106101550
-67.4970332642
-69.6444333306
131.1479429249
457.3359235677
-78.7347879191
312.4246110244
-13.7331044812
28.3771647851
160.9763271895
221.9675458106
-144.5856858693
-410.0340693005
87.8724725681
-272.5769564396
-142.1115113145
-465.3210503872
266.8197272892
289.7158759901
385.3311171287
8.1276822982
-115.7638952728
-123.8168681588
3.1496941950
732.4342195451
88.4390712632
-683.1456703456
-331.9479903861
129.4046886444
-298.5686094703
12.8289102503
-362.2920443434
-333.8934589991
506.6319182016
-64.4733549222
61.5586213401
85.4717246734
-89.4221006529
-502.2106936989
289.3516324377
116.8999918648
-541.7715045811
-484.2425498120
-395.0768416404
156.0367946259
53.7479409688
22.1060556972
70.2504755893
-149.6612960266
51.3714235343
110.3040709570
-13.1689965651
93.6238864170
300.5001517559
-28.4652255655
-13.5185863490
163.8902901883
170.0805326566
-209.5771546763
-274.9200931568
-388.2047883961
-73.5275720513
131.0082647961
-35.5346242605
-193.6431223378
440.1788662659
-276.3736998896
-437.3280388444
-22.8906538962
-165.9183529398
-119.4578185978
-224.0332754336
-254.2684169981
112.0932623261
-264.0992394032
-299.0815786401
313.7479321594
89.0118647138
-33.5228776723
-602.9057897123
172.2582045545
-64.5695345538
156.3963152572
90.2312342849
258.5596332170
-56.2558955724
-152.9469182913
-363.2636518352
401.7809246405
-276.8961520968
-217.9655185653
83.3142146449
117.7696451643
-261.4127198630
-30.5156633633
-232.7354974207
-335.5973220485
-85.4264134335
17.9034152936
29.0878488382
342.3374678986
202.3387081613
77.4001480140
-59.4032949976
493.8500742779
151.3915126072
-522.1352733514
228.7157318241
237.4826744748
169.9439768602
161.7572310055
396.6746497146
62.9707228967
-140.2585387890
-328.2241994810
536.5102850011
-67.7471555315
59.9034444359
-731.3455831175
-69.5814462458
402.6780449082
-98.9950610055
232.1184509559
-58.6177770147
73.8159348184
123.2717820418
-410.2955012695
110.3195628596
-91.7070666522
265.0202692306
167.7867994408
-441.7855905537
158.4238938305
64.8148626302
-339.5466656619
212.3944120733
217.2125104972
176.2844836128
75.5684408619
13.9088759831
66.8776257889
-339.2850176617
112.3026358633
490.6895524519
-142.5087540320
418.1012861521
335.1430412274
105.0486611985
324.2906496533
157.4374005859
7.5429017141
-549.7785143023
101.9246279933
-187.2506744976
-274.5737307747
75.4321607583
442.8922465354
24.6054812772
-134.7648085726
-20.7296564155
-99.3861171378
-64.6302168843
-217.7943512357
-400.7067197202
-220.0592125768
182.7054761075
102.0335540373
-105.3246687155
-49.0353329033
-143.3237258188
-13.9627438121
-320.8291033823
243.8145899273
-200.9539095214
56.9228561110
-423.9798090368
-80.2414165795
211.9088762667
323.3196755248
-214.8310610811
-143.5732859518
29.6261933469
355.6493711629
-219.0832678369
313.5344001604
12.3054951972
241.1160655624
-242.3322539428
246.2959350979
-329.0043856588
-231.7416777869
124.4089377863
379.3239050662
158.6958024128
48.5831535862
205.7046380050
179.3320956075
-61.3088441752
203.2309862926
175.5987470573
78.1043649405
-166.1753109800
-237.6277941532
-323.0121863844
-143.8110126764
-163.9375167590
199.9816382879
90.5512604471
-426.3207110623
-139.4362548885
48.1874090851
-48.7491388554
-277.1382633355
-30.1733175799
106.9017341697
236.9204351512
-226.9496164325
48.8881193368
-115.2654067473
303.2301016790
279.2990132994
154.6941864893
205.3153730224
259.0563516542
47.2771151469
-198.7714948679
216.5706016109
-228.9271134650
205.9852751644
134.0491308010
-54.8844211939
-1.9951240733
-38.3159673185
58.7195272597
-33.1787870683
-239.9251167959
469.3541124433
-4.0399126316
-268.3423546116
165.1838826438
-342.7185154378
-134.1318211362
-370.4646832454
-306.0185463010
724.3597269064
95.6321440598
-130.6081224952
-50.9234290718
161.9856536048
-122.7956819751
238.2718392910
84.4324540654
-93.3745542592
-127.8097767314
156.1241500525
-148.7771237679
-49.9302370412
35.6644791785
81.0151630242
-435.2233652282
25.5674859995
-5.6564710362
58.6456791236
-146.7978184843
469.6023336359
-129.1038531468
-39.8381811853
106.5454533016
42.3743571080
115.1628287500
181.7772715404
26.3074976437
324.6977878850
0.8315243141
386.0541444711
-13.4831030138
73.6637451420
-251.3506847496
53.2523285549
-158.8991700333
-290.8788803782
144.1674316904
89.0640370258
137.7698198511
404.2345157085
-188.3272867179
-240.8707728349
-364.7738860718
294.4964101421
-161.1698516472
-63.7638721859
-312.9474490033
67.2276966516
-164.7514986415
147.6899065538
-51.7843780369
-263.1946064891
-244.4340864898
-56.9967134837
142.5724856487
-303.5597934914
-518.1846778574
-86.0601108786
98.2163403923
-218.2703038472
-154.4692058306
455.5203040883
-140.7296215980
73.6854881303
150.7350948698
312.4670831507
-279.3695161458
-284.6204361583
4.7263212579
-324.5591453446
152.8461166094
145.0886811253
-594.9783429637
-227.9026714911
88.9750127099
371.8156922413
-435.2278988339
-143.8974730934
-144.0870158588
200.3807293342
197.2148896546
-343.3775024332
-378.1222563050
309.0285680809
161.9231374667
189.5540421754
-201.0940635545
129.5939014646
90.9362958927
16.5361227113
171.1135572743
-17.8393729796
121.1208213843
-281.5736588842
154.8581227642
-240.3831888489
-111.4387417262
-144.3860026791
-11.1338933909
266.2937870998
55.1639627183
391.9057132445
-80.1671265370
185.9240723807
107.2345402796
-251.9010725686
130.0137559225
-131.1095797648
-283.2749165301
128.1169902644
32.9441647497
-336.4612326726
197.1417858539
156.1093231829
312.1622822968
515.5552215349
264.9866967027
-429.5798434009
237.1516507703
219.8402147378
-65.5161740225
97.6668993314
-66.0319037379
-118.1687463803
-130.5713467173
37.7549028998
574.6960417886
206.7057387437
-354.6126158176
226.3223067284
-39.3819703871
25.2466996350
-82.1663919273
-342.6843109961
386.7455696383
288.0859063252
16.4617698856
-90.8622599614
194.4262525211
45.5683054880
-121.3797691310
-182.3384737286
90.5700574535
-129.2577674244
23.1484972918
153.1618959887
290.2071692840
199.9057798562
206.5571866645
-119.7141978907
160.3767519439
-175.8618160660
-132.0435096346
-180.9469544329
-47.5493518367
0.7211169791
-202.5804497398
297.9998589190
56.0592119499
-275.1063710918
56.1181056340
274.7201876278
-306.3023707081
